52, -45001.7891, 0.1000, 1.0000
520, -31157.7344, 0.1000, 1.0000
586, -29058.1113, 0.1127, 1.2371
954, -19913.3809, 0.1127, 1.2371
1020, -18104.2871, 0.1342, 1.5427
1332, -11448.1680, 0.1342, 1.5427
1400, -9538.9189, 0.1565, 1.7813
1670, -4370.9858, 0.1565, 1.7813
1736, -2211.5059, 0.1721, 2.0956
1984, 2279.0693, 0.1721, 2.0956
2056, 3506.8440, 0.1911, 2.4954
2222, 5636.1089, 0.1911, 2.4954
2314, 5866.1768, 0.2240, 2.6335
2352, 6027.7822, 0.2240, 2.6335
2432, 6550.8560, 0.2211, 3.1304
2524, 7698.8936, 0.2211, 3.1304
2613, 8172.1826, 0.2162, 3.2627
2693, 8811.4277, 0.2162, 3.2627
2773, 9947.0596, 0.2180, 3.3169
2904, 11416.7803, 0.2180, 3.3169
2996, 11875.3691, 0.2226, 3.7334
3061, 12693.5537, 0.2226, 3.7334
3154, 13123.2988, 0.1945, 4.4195
3243, 14081.4307, 0.1945, 4.4195
3329, 14518.4072, 0.1752, 4.8174
3432, 15541.1836, 0.1752, 4.8174
3520, 15973.6035, 0.1586, 5.5305
3598, 16804.5176, 0.1586, 5.5305
3691, 17016.4375, 0.1307, 6.0728
3764, 17273.9082, 0.1307, 6.0728
3854, 17570.3750, 0.0917, 6.3356
3931, 18196.0840, 0.0917, 6.3356
4014, 18704.9844, 0.0811, 7.4163
4100, 19016.9961, 0.0811, 7.4163
4188, 19292.8066, 0.0589, 9.0799
4272, 19559.0000, 0.0589, 9.0799
4358, 19926.8711, 0.0514, 9.1753
4452, 20339.0703, 0.0514, 9.1753
4539, 20536.0137, 0.0384, 10.4650
4626, 20866.9648, 0.0384, 10.4650
4717, 20945.0840, 0.0396, 12.1978
4766, 21121.3184, 0.0396, 12.1978
4856, 21227.2012, 0.0375, 14.2341
4912, 21375.2734, 0.0375, 14.2341
4996, 21609.9707, 0.0271, 15.5422
5100, 21852.8418, 0.0271, 15.5422
5189, 22017.1035, 0.0232, 16.4876
5258, 22096.3516, 0.0232, 16.4876
5346, 22233.6133, 0.0253, 20.3502
5417, 22327.0703, 0.0253, 20.3502
5508, 22463.0312, 0.0281, 22.6537
5598, 22790.9707, 0.0281, 22.6537
5689, 22965.1621, 0.0263, 26.5369
5799, 23245.5898, 0.0263, 26.5369
5891, 23347.7070, 0.0261, 32.2346
5945, 23473.1191, 0.0261, 32.2346
6037, 23604.4902, 0.0182, 34.7188
6100, 23850.5156, 0.0182, 34.7188
6176, 24139.8477, 0.0162, 42.6142
6279, 24254.4922, 0.0162, 42.6142
6369, 24379.9453, 0.0165, 41.8094
6414, 24441.5586, 0.0165, 41.8094
6512, 24469.0273, 5.0123, 0.9495
6518, 24475.6094, 5.0123, 0.9495
6616, 24492.5469, 3.0682, 0.4984
6626, 24519.5938, 3.0682, 0.4984
6720, 24580.2461, 1.8383, 0.4765
6738, 24689.4805, 1.8383, 0.4765
6836, 24785.7676, 1.5406, 0.3353
6865, 25134.6523, 1.5406, 0.3353
6962, 25236.8438, 1.2337, 0.4131
6987, 25517.7520, 1.2337, 0.4131
7082, 25587.0859, 1.0697, 0.3080
7098, 25615.3125, 1.0697, 0.3080
7189, 25705.5195, 0.7123, 0.3687
7251, 25820.5137, 0.7123, 0.3687
7349, 25869.4238, 0.8073, 0.4158
7357, 25879.5625, 0.8073, 0.4158
7446, 25958.3125, 0.5239, 0.2663
7503, 26187.6523, 0.5239, 0.2663
7592, 26311.1523, 0.4729, 0.2851
7653, 26495.4121, 0.4729, 0.2851
7741, 26620.0098, 0.4321, 0.2553
7809, 26890.8828, 0.4321, 0.2553
7899, 27005.4805, 0.4534, 0.3040
7935, 27129.5273, 0.4534, 0.3040
8027, 27208.4238, 0.4882, 0.3369
8084, 27318.9375, 0.4882, 0.3369
8177, 27389.0117, 0.4840, 0.3601
8204, 27502.2559, 0.4840, 0.3601
8296, 27565.0469, 0.4919, 0.3429
8345, 27602.2168, 0.4919, 0.3429
8437, 27732.7656, 0.5477, 0.3780
8456, 27750.3027, 0.5477, 0.3780
8548, 27844.2227, 0.5045, 0.2898
8596, 27982.6719, 0.5045, 0.2898
8684, 28082.4375, 0.5265, 0.2756
8752, 28285.0293, 0.5265, 0.2756
8843, 28387.6816, 0.4767, 0.2622
8901, 28504.7051, 0.4767, 0.2622
8991, 28669.3398, 0.4968, 0.2284
9059, 28820.5625, 0.4968, 0.2284
9153, 28892.6152, 0.4101, 0.2574
9214, 28996.8535, 0.4101, 0.2574
9306, 29050.2949, 0.3523, 0.3205
9351, 29274.6055, 0.3523, 0.3205
9439, 29355.4395, 0.3734, 0.3056
9500, 29431.3633, 0.3734, 0.3056
9589, 29541.5684, 0.3337, 0.2784
9646, 29792.4785, 0.3337, 0.2784
9732, 29906.7773, 0.3568, 0.3175
9794, 29964.7402, 0.3568, 0.3175
9886, 30055.9551, 0.3090, 0.2914
9955, 30189.9922, 0.3090, 0.2914
10048, 30284.3926, 0.2925, 0.2871
10088, 30329.1680, 0.2925, 0.2871
10179, 30380.8730, 0.3015, 0.3307
10237, 30463.2422, 0.3015, 0.3307
10330, 30483.4043, 0.2564, 0.3768
10359, 30503.0840, 0.2564, 0.3768
10453, 30536.8184, 0.2497, 0.2498
10476, 30566.2715, 0.2497, 0.2498
10566, 30617.1934, 0.2312, 0.2724
10617, 30711.3398, 0.2312, 0.2724
10709, 30755.9941, 0.2543, 0.2102
10763, 30811.1113, 0.2543, 0.2102
10849, 30855.0977, 0.2168, 0.1882
10896, 30904.5156, 0.2168, 0.1882
10992, 30910.4199, 0.2369, 0.1816
11011, 30920.0391, 0.2369, 0.1816
11108, 30947.2461, 0.2585, 0.1719
11139, 30952.4258, 0.2585, 0.1719
11228, 31026.4844, 0.2043, 0.1330
11310, 31096.7539, 0.2043, 0.1330
11406, 31104.1270, 0.1737, 0.1622
11425, 31110.2930, 0.1737, 0.1622
11516, 31124.7148, 0.1730, 0.1428
11566, 31138.4980, 0.1730, 0.1428
11664, 31164.4805, 0.1876, 0.1438
11683, 31203.6621, 0.1876, 0.1438
11778, 31219.4805, 0.1787, 0.1794
11804, 31224.9883, 0.1787, 0.1794
11899, 31229.1816, 0.1560, 0.1755
11924, 31232.9805, 0.1560, 0.1755
12013, 31263.8633, 0.1605, 0.0921
12050, 31278.7012, 0.1605, 0.0921
12146, 31286.1621, 0.1783, 0.0857
12176, 31317.0410, 0.1783, 0.0857
12267, 31331.4590, 0.1870, 0.0924
12323, 31361.1621, 0.1870, 0.0924
12420, 31372.4902, 0.1919, 0.0757
12466, 31400.0020, 0.1919, 0.0757
12554, 31426.4043, 0.1812, 0.0863
12595, 31427.5938, 0.1812, 0.0863
12687, 31441.4492, 0.2169, 0.0687
12747, 31460.9043, 0.2169, 0.0687
12841, 31481.7109, 0.2362, 0.0702
12876, 31531.0176, 0.2362, 0.0702
12970, 31552.2793, 0.2463, 0.0553
13015, 31603.5293, 0.2463, 0.0553
13107, 31628.2812, 0.2732, 0.0623
13169, 31661.0508, 0.2732, 0.0623
13260, 31705.3809, 0.3155, 0.0586
13326, 31826.0586, 0.3155, 0.0586
13420, 31852.3867, 0.3051, 0.0546
13463, 31894.0234, 0.3051, 0.0546
13554, 31958.2402, 0.2958, 0.0562
13628, 32013.7637, 0.2958, 0.0562
13722, 32036.5391, 0.3123, 0.0583
13768, 32069.6816, 0.3123, 0.0583
13861, 32104.3184, 0.3366, 0.0556
13903, 32199.2266, 0.3366, 0.0556
13991, 32295.8242, 0.3756, 0.0545
14097, 32385.3887, 0.3756, 0.0545
14188, 32425.7832, 0.4029, 0.0565
14232, 32516.6797, 0.4029, 0.0565
14324, 32555.6934, 0.4216, 0.0674
14388, 32622.6875, 0.4216, 0.0674
14475, 32674.6309, 0.4480, 0.0788
14547, 32713.7422, 0.4480, 0.0788
14637, 32806.8906, 0.4973, 0.0713
14679, 32892.5664, 0.4973, 0.0713
14766, 32969.3750, 0.5221, 0.0722
14841, 33031.8828, 0.5221, 0.0722
14932, 33088.6445, 0.5959, 0.0892
14988, 33169.9766, 0.5959, 0.0892
15080, 33290.2031, 0.5842, 0.0873
15135, 33438.8477, 0.5842, 0.0873
15223, 33598.8789, 0.6334, 0.0953
15282, 33698.0820, 0.6334, 0.0953
15368, 33832.9805, 0.6461, 0.0770
15420, 33885.2852, 0.6461, 0.0770
15514, 33935.9297, 0.6663, 0.0654
15560, 34116.1875, 0.6663, 0.0654
15647, 34199.1875, 0.6507, 0.0693
15742, 34329.6758, 0.6507, 0.0693
15835, 34346.5703, 0.6409, 0.0751
15865, 34369.1406, 0.6409, 0.0751
15956, 34461.3984, 0.7644, 0.0670
16007, 34640.5664, 0.7644, 0.0670
16094, 34876.8477, 0.7671, 0.0705
16183, 35277.5469, 0.7671, 0.0705
16272, 35407.4961, 0.8356, 0.0734
16330, 35566.9805, 0.8356, 0.0734
16418, 35802.1680, 0.9513, 0.0747
16513, 36074.9180, 0.9513, 0.0747
16609, 36193.6367, 1.0969, 0.0798
16650, 36364.0742, 1.0969, 0.0798
16740, 36450.9062, 1.2674, 0.0794
16794, 36549.8477, 1.2674, 0.0794
16887, 36610.6758, 1.1183, 0.0875
16935, 36654.6875, 1.1183, 0.0875
17028, 36830.7305, 1.2381, 0.0826
17096, 37038.3633, 1.2381, 0.0826
17190, 37091.3867, 1.3508, 0.0953
17243, 37184.9414, 1.3508, 0.0953
17336, 37209.6992, 1.5566, 0.1042
17370, 37305.6875, 1.5566, 0.1042
17464, 37384.0508, 1.5888, 0.1184
17507, 37508.3359, 1.5888, 0.1184
17603, 37547.5352, 1.5794, 0.1302
17636, 37652.9102, 1.5794, 0.1302
17731, 37677.1797, 1.4260, 0.1276
17756, 37699.0547, 1.4260, 0.1276
17851, 37715.2344, 1.4471, 0.1133
17868, 37744.1914, 1.4471, 0.1133
17963, 37782.3789, 1.4754, 0.0984
17981, 37849.8398, 1.4754, 0.0984
18078, 37904.9688, 1.3654, 0.0969
18090, 37967.7891, 1.3654, 0.0969
18178, 38036.7891, 1.4812, 0.0656
18232, 38126.5508, 1.4812, 0.0656
18321, 38199.5898, 1.4905, 0.0529
18390, 38399.3438, 1.4905, 0.0529
18481, 38461.5781, 1.7544, 0.0525
18546, 38549.0547, 1.7544, 0.0525
18639, 38628.1445, 1.8524, 0.0478
18703, 38862.2773, 1.8524, 0.0478
18798, 38918.0469, 2.0764, 0.0413
18840, 39032.3359, 2.0764, 0.0413
18932, 39130.1094, 2.2023, 0.0471
18978, 39302.0195, 2.2023, 0.0471
19067, 39578.4141, 2.2107, 0.0413
19149, 39789.5312, 2.2107, 0.0413
19240, 39870.6719, 2.4958, 0.0385
19300, 39972.3828, 2.4958, 0.0385
19393, 40029.1055, 2.7677, 0.0451
19434, 40142.9805, 2.7677, 0.0451
19522, 40199.5195, 2.8300, 0.0411
19584, 40420.1641, 2.8300, 0.0411
19680, 40565.1016, 3.2860, 0.0482
19716, 40716.1523, 3.2860, 0.0482
19809, 40812.9453, 2.9950, 0.0548
19860, 40960.6562, 2.9950, 0.0548
19954, 41007.1875, 3.2730, 0.0452
19999, 41068.8281, 3.2730, 0.0452
20094, 41121.3672, 3.5461, 0.0445
20122, 41217.5391, 3.5461, 0.0445
20216, 41250.2617, 3.5582, 0.0275
20265, 41377.2188, 3.5582, 0.0275
20359, 41429.1641, 4.0952, 0.0240
20408, 41489.0898, 4.0952, 0.0240
20500, 41534.0117, 4.2496, 0.0249
20548, 41615.5508, 4.2496, 0.0249
20642, 41674.6133, 4.9182, 0.0202
20690, 41750.0391, 4.9182, 0.0202
20783, 41794.8359, 5.6400, 0.0219
20813, 41898.1445, 5.6400, 0.0219
20906, 42096.1484, 4.9467, 0.0168
20951, 42348.9180, 4.9467, 0.0168
21037, 42500.1680, 5.8352, 0.0138
21110, 42833.6094, 5.8352, 0.0138
21202, 42929.5938, 6.9754, 0.0154
21249, 43131.3750, 6.9754, 0.0154
21340, 43244.5391, 7.6132, 0.0119
21410, 43488.9219, 7.6132, 0.0119
21499, 43561.4297, 8.1220, 0.0127
21584, 43752.1172, 8.1220, 0.0127
21674, 43805.9531, 9.3798, 0.0158
21721, 44288.5039, 9.3798, 0.0158
21813, 44357.2305, 9.4633, 0.0148
21883, 44636.7188, 9.4633, 0.0148
21976, 44657.3984, 10.6675, 0.0170
22006, 44677.2031, 10.6675, 0.0170
22102, 44707.8711, 9.8803, 0.0168
22135, 44844.7070, 9.8803, 0.0168
22227, 44861.6602, 9.7901, 0.0174
22268, 44926.4062, 9.7901, 0.0174
22361, 44970.6055, 10.8095, 0.0199
22390, 45059.5625, 10.8095, 0.0199
22482, 45078.7852, 10.6662, 0.0136
22522, 45185.6484, 10.6662, 0.0136
22617, 45255.2070, 11.6252, 0.0101
22682, 45421.4609, 11.6252, 0.0101
22775, 45490.5469, 11.7431, 0.0126
22823, 45660.7812, 11.7431, 0.0126
22916, 45700.2891, 10.3339, 0.0126
22972, 45818.1445, 10.3339, 0.0126
23064, 45858.9180, 9.3913, 0.0128
23127, 45970.6406, 9.3913, 0.0128
23216, 46010.0703, 9.6420, 0.0129
23274, 46147.3867, 9.6420, 0.0129
23367, 46178.5469, 10.9456, 0.0109
23410, 46279.5586, 10.9456, 0.0109
23501, 46365.9180, 10.4932, 0.0119
23554, 46475.2031, 10.4932, 0.0119
23645, 46713.3125, 10.9319, 0.0106
23711, 46952.3320, 10.9319, 0.0106
23800, 47061.8906, 11.7723, 0.0100
23865, 47208.7656, 11.7723, 0.0100
23961, 47319.5469, 12.9647, 0.0120
23997, 47462.5859, 12.9647, 0.0120
24088, 47504.4141, 11.4989, 0.0116
24138, 47645.5742, 11.4989, 0.0116
24231, 47732.1367, 11.7905, 0.0124
24287, 47873.2422, 11.7905, 0.0124
24380, 47974.3555, 12.9881, 0.0110
24430, 48190.6289, 12.9881, 0.0110
24526, 48236.5469, 14.4068, 0.0116
24552, 48320.3359, 14.4068, 0.0116
24645, 48353.1953, 15.4301, 0.0096
24689, 48433.8555, 15.4301, 0.0096
24785, 48555.4297, 12.6875, 0.0104
24833, 48676.5312, 12.6875, 0.0104
24926, 48866.2344, 12.7710, 0.0085
24985, 48968.3125, 12.7710, 0.0085
25079, 49137.3750, 14.6769, 0.0073
25141, 49260.2148, 14.6769, 0.0073
25231, 49338.3398, 16.6964, 0.0089
25291, 49545.7383, 16.6964, 0.0089
25386, 49799.3906, 17.1041, 0.0077
25439, 50157.6719, 17.1041, 0.0077
25528, 50291.7461, 19.3776, 0.0068
25578, 50379.0547, 19.3776, 0.0068
25671, 50398.3984, 20.5127, 0.0073
25715, 50460.2578, 20.5127, 0.0073
25806, 50508.8555, 19.0771, 0.0081
25855, 50634.0039, 19.0771, 0.0081
25948, 50648.4375, 19.8216, 0.0070
26001, 50709.2852, 19.8216, 0.0070
26093, 50724.1562, 21.4533, 0.0068
26131, 50780.3633, 21.4533, 0.0068
26223, 50853.7109, 24.2938, 0.0069
26269, 50956.6445, 24.2938, 0.0069
26357, 51053.7500, 24.1933, 0.0072
26405, 51184.8320, 24.1933, 0.0072
26501, 51309.7188, 21.1895, 0.0084
26541, 51446.0820, 21.1895, 0.0084
26635, 51474.1016, 19.9545, 0.0089
26668, 51558.5117, 19.9545, 0.0089
26764, 51641.6133, 19.5163, 0.0081
26803, 51763.0195, 19.5163, 0.0081
26898, 52279.9375, 20.9913, 0.0095
26932, 52528.9453, 20.9913, 0.0095
27030, 52591.3320, 22.2268, 0.0069
27073, 52748.2500, 22.2268, 0.0069
27170, 52837.3633, 21.7067, 0.0083
27218, 53030.7539, 21.7067, 0.0083
27312, 53065.0469, 25.1911, 0.0086
27355, 53114.1875, 25.1911, 0.0086
27447, 53266.6914, 19.7169, 0.0091
27489, 53339.4688, 19.7169, 0.0091
27584, 53382.2969, 22.0869, 0.0093
27627, 53502.4805, 22.0869, 0.0093
27720, 53666.6875, 24.0052, 0.0082
27757, 53854.4336, 24.0052, 0.0082
27851, 53971.0508, 21.2277, 0.0061
27910, 54204.6836, 21.2277, 0.0061
28003, 54371.9492, 18.9522, 0.0066
28078, 54533.7266, 18.9522, 0.0066
28170, 54710.0898, 22.4908, 0.0074
28214, 54783.3320, 22.4908, 0.0074
28307, 54891.8047, 21.1532, 0.0076
28345, 54955.4062, 21.1532, 0.0076
28434, 55090.1992, 23.6490, 0.0064
28477, 55182.4062, 23.6490, 0.0064
28571, 55224.2422, 23.8672, 0.0061
28608, 55323.7695, 23.8672, 0.0061
28703, 55371.0781, 28.4924, 0.0069
28742, 55435.4922, 28.4924, 0.0069
28835, 55774.9414, 32.1179, 0.0079
28869, 55762.5977, 32.1179, 0.0079
28962, 56115.1758, 29.0949, 0.0071
29017, 56221.9609, 29.0949, 0.0071
29112, 56271.9688, 29.0050, 0.0085
29150, 56391.3398, 29.0050, 0.0085
29243, 56440.6758, 28.5212, 0.0092
29281, 56535.9453, 28.5212, 0.0092
29377, 56676.4141, 27.9985, 0.0091
29423, 56827.9570, 27.9985, 0.0091
29519, 56872.4883, 29.9180, 0.0100
29555, 56955.6914, 29.9180, 0.0100
29650, 57012.5703, 21.1036, 0.0103
29675, 57123.3984, 21.1036, 0.0103
29767, 57279.1836, 17.0500, 0.0094
29817, 57387.0586, 17.0500, 0.0094
29911, 57558.4570, 14.4194, 0.0090
29965, 57742.5117, 14.4194, 0.0090
30059, 57865.3555, 15.2799, 0.0086
30123, 57995.9688, 15.2799, 0.0086
30218, 58039.2344, 16.1963, 0.0088
30262, 58115.5078, 16.1963, 0.0088
30355, 58154.1484, 18.3103, 0.0080
30393, 58243.3828, 18.3103, 0.0080
30481, 58337.8477, 15.0535, 0.0075
30546, 58459.9766, 15.0535, 0.0075
30641, 58480.5117, 15.4176, 0.0085
30681, 58529.4844, 15.4176, 0.0085
30777, 58590.1367, 11.2311, 0.0083
30839, 58754.2812, 11.2311, 0.0083
30931, 58859.5000, 12.1179, 0.0074
31001, 58987.2695, 12.1179, 0.0074
31096, 59032.1445, 13.2178, 0.0072
31151, 59175.6172, 13.2178, 0.0072
31240, 59253.5547, 14.3135, 0.0081
31294, 59363.9258, 14.3135, 0.0081
31385, 59389.2891, 13.6739, 0.0065
31451, 59475.5742, 13.6739, 0.0065
31545, 59512.7188, 14.1498, 0.0078
31591, 59639.6406, 14.1498, 0.0078
31680, 59661.4258, 14.4455, 0.0081
31739, 59729.1875, 14.4455, 0.0081
31830, 59747.5469, 17.0811, 0.0084
31880, 59801.9141, 17.0811, 0.0084
31974, 59811.4414, 18.6084, 0.0099
32004, 59830.4375, 18.6084, 0.0099
32099, 59894.3594, 15.0519, 0.0080
32143, 59986.5586, 15.0519, 0.0080
32238, 60010.2734, 14.5726, 0.0073
32302, 60073.9297, 14.5726, 0.0073
32395, 60090.8711, 13.8341, 0.0077
32448, 60147.6055, 13.8341, 0.0077
32541, 60197.3047, 15.1504, 0.0073
32588, 60256.0742, 15.1504, 0.0073
32683, 60276.3594, 13.7567, 0.0070
32735, 60332.0273, 13.7567, 0.0070
32828, 60391.2109, 14.6364, 0.0084
32890, 60508.5625, 14.6364, 0.0084
32979, 60538.2227, 11.7463, 0.0071
33044, 60634.9531, 11.7463, 0.0071
33136, 60690.7383, 12.6691, 0.0075
33198, 60796.8359, 12.6691, 0.0075
33291, 60843.7266, 14.4705, 0.0084
33338, 60931.0859, 14.4705, 0.0084
33432, 60972.6016, 12.9704, 0.0078
33483, 61048.1797, 12.9704, 0.0078
33577, 61074.7070, 14.4442, 0.0065
33626, 61181.7930, 14.4442, 0.0065
33721, 61192.0117, 16.5955, 0.0068
33769, 61238.3438, 16.5955, 0.0068
33862, 61248.5781, 17.1053, 0.0082
33895, 61279.2969, 17.1053, 0.0082
33992, 61298.9570, 17.0771, 0.0096
34028, 61355.6680, 17.0771, 0.0096
34124, 61419.5234, 18.6679, 0.0083
34165, 61528.2148, 18.6679, 0.0083
34261, 61547.8516, 19.2215, 0.0096
34288, 61604.1875, 19.2215, 0.0096
34382, 61676.8477, 18.3144, 0.0099
34421, 61833.4570, 18.3144, 0.0099
34515, 61850.6875, 20.4449, 0.0083
34555, 61899.0078, 20.4449, 0.0083
34649, 61963.2109, 18.6136, 0.0071
34688, 62072.8164, 18.6136, 0.0071
34780, 62242.2148, 17.5097, 0.0078
34813, 62312.6992, 17.5097, 0.0078
34909, 62357.2539, 16.1601, 0.0095
34950, 62417.2500, 16.1601, 0.0095
35043, 62466.0625, 15.8093, 0.0074
35090, 62534.4961, 15.8093, 0.0074
35182, 62667.8984, 15.7801, 0.0084
35229, 62744.8555, 15.7801, 0.0084
35324, 62771.5508, 17.5894, 0.0088
35361, 62834.7109, 17.5894, 0.0088
35455, 62888.8281, 18.7177, 0.0085
35497, 62979.6484, 18.7177, 0.0085
35593, 62995.3750, 15.9164, 0.0096
35637, 63037.2305, 15.9164, 0.0096
35730, 63129.6836, 15.1429, 0.0097
35770, 63250.7812, 15.1429, 0.0097
35866, 63272.2070, 14.2649, 0.0079
35921, 63318.1328, 14.2649, 0.0079
36014, 63353.6172, 14.4218, 0.0066
36061, 63437.1836, 14.4218, 0.0066
36155, 63531.0820, 15.7638, 0.0064
36204, 63725.6367, 15.7638, 0.0064
36296, 63934.4844, 15.1908, 0.0068
36365, 64359.6484, 15.1908, 0.0068
36454, 64555.1406, 12.6649, 0.0074
36519, 64720.3711, 12.6649, 0.0074
36611, 65192.2109, 13.1017, 0.0075
36660, 65286.9922, 13.1017, 0.0075
36753, 65308.0195, 14.4491, 0.0086
36794, 65370.1602, 14.4491, 0.0086
36892, 65403.5391, 12.7610, 0.0082
36930, 65463.7852, 12.7610, 0.0082
37021, 65479.9023, 12.1053, 0.0058
37072, 65526.9141, 12.1053, 0.0058
37160, 65557.9531, 11.3281, 0.0060
37216, 65634.5781, 11.3281, 0.0060
37309, 65787.9844, 12.8479, 0.0067
37363, 66001.7969, 12.8479, 0.0067
37457, 66038.7422, 14.2426, 0.0079
37511, 66134.0703, 14.2426, 0.0079
37605, 66196.5391, 16.2336, 0.0085
37642, 66222.1875, 16.2336, 0.0085
37739, 66344.3203, 17.0983, 0.0092
37771, 66517.5234, 17.0983, 0.0092
37866, 66571.3281, 17.5143, 0.0074
37905, 66639.7500, 17.5143, 0.0074
37997, 66647.6953, 16.9270, 0.0084
38031, 66670.4531, 16.9270, 0.0084
38122, 66683.9453, 13.9429, 0.0071
38162, 66721.3203, 13.9429, 0.0071
38254, 66787.7031, 11.8536, 0.0074
38316, 66895.3438, 11.8536, 0.0074
38411, 67070.7891, 13.7246, 0.0086
38454, 67295.1094, 13.7246, 0.0086
38547, 67311.2656, 15.4463, 0.0093
38579, 67366.1484, 15.4463, 0.0093
38674, 67379.6641, 18.4064, 0.0071
38705, 67416.0625, 18.4064, 0.0071
38799, 67445.3984, 17.0497, 0.0073
38838, 67508.7969, 17.0497, 0.0073
38930, 67659.7578, 13.7679, 0.0068
38979, 67804.3828, 13.7679, 0.0068
39070, 67864.3047, 14.2412, 0.0066
39125, 68057.4375, 14.2412, 0.0066
39220, 68293.0859, 13.2827, 0.0072
39274, 68413.1719, 13.2827, 0.0072
39365, 68436.2422, 14.1987, 0.0067
39422, 68554.7344, 14.1987, 0.0067
39516, 68611.0859, 14.9653, 0.0071
39554, 68662.1484, 14.9653, 0.0071
39647, 68699.8047, 14.0472, 0.0070
39695, 68764.3516, 14.0472, 0.0070
39792, 68865.8984, 16.4541, 0.0078
39824, 69022.5000, 16.4541, 0.0078
39916, 69068.1953, 17.1830, 0.0078
39950, 69143.9375, 17.1830, 0.0078
40043, 69169.0938, 15.5821, 0.0063
40089, 69232.1172, 15.5821, 0.0063
40185, 69261.3906, 16.9196, 0.0056
40243, 69333.3906, 16.9196, 0.0056
40334, 69461.0781, 15.0067, 0.0048
40404, 69592.5703, 15.0067, 0.0048
40497, 69622.0156, 16.6805, 0.0053
40551, 69738.2578, 16.6805, 0.0053
40645, 69762.9531, 19.5427, 0.0057
40692, 69838.5469, 19.5427, 0.0057
40787, 69917.6172, 17.0749, 0.0058
40841, 70018.6016, 17.0749, 0.0058
40938, 70248.6719, 18.9330, 0.0066
40975, 70612.2734, 18.9330, 0.0066
41069, 70636.2656, 20.3637, 0.0070
41105, 70693.6328, 20.3637, 0.0070
41203, 70714.6562, 22.8292, 0.0061
41231, 70744.6641, 22.8292, 0.0061
41321, 70760.7109, 20.1783, 0.0057
41377, 70806.2578, 20.1783, 0.0057
41472, 70857.0078, 20.1496, 0.0067
41505, 70944.4844, 20.1496, 0.0067
41599, 71210.0000, 19.3911, 0.0069
41637, 71312.4609, 19.3911, 0.0069
41730, 71450.1406, 20.3355, 0.0064
41768, 71523.8281, 20.3355, 0.0064
41861, 71547.3125, 22.8302, 0.0057
41907, 71606.1875, 22.8302, 0.0057
41996, 71754.2109, 23.7657, 0.0055
42058, 71949.2031, 23.7657, 0.0055
42153, 72029.6328, 27.1903, 0.0059
42199, 72161.8672, 27.1903, 0.0059
42294, 72179.8594, 31.6905, 0.0064
42320, 72218.8984, 31.6905, 0.0064
42414, 72229.2734, 31.9507, 0.0069
42449, 72262.7266, 31.9507, 0.0069
42545, 72310.3906, 30.5938, 0.0063
42568, 72342.9766, 30.5938, 0.0063
42664, 72499.8047, 28.3341, 0.0059
42696, 72646.6875, 28.3341, 0.0059
42791, 72684.9844, 28.0657, 0.0064
42827, 72741.0938, 28.0657, 0.0064
42922, 72765.8047, 30.6016, 0.0066
42956, 72838.7266, 30.6016, 0.0066
43053, 72906.1016, 30.9692, 0.0067
43078, 72934.9219, 30.9692, 0.0067
43175, 72946.8125, 28.2087, 0.0071
43203, 72973.2031, 28.2087, 0.0071
43297, 73001.0234, 25.1562, 0.0068
43327, 73047.9062, 25.1562, 0.0068
43417, 73067.2891, 19.3928, 0.0061
43470, 73115.5859, 19.3928, 0.0061
43564, 73241.2344, 21.4575, 0.0058
43609, 73376.2656, 21.4575, 0.0058
43704, 73407.5156, 19.9310, 0.0058
43751, 73457.3594, 19.9310, 0.0058
43846, 73525.6953, 20.0270, 0.0053
43885, 73613.7109, 20.0270, 0.0053
43980, 73628.7031, 22.8890, 0.0056
44015, 73670.4609, 22.8890, 0.0056
44109, 73720.1797, 19.2687, 0.0062
44152, 73778.6484, 19.2687, 0.0062
44241, 73796.5078, 21.9197, 0.0050
44298, 73852.7656, 21.9197, 0.0050
44390, 73872.0156, 23.5901, 0.0061
44420, 73893.2969, 23.5901, 0.0061
44512, 73978.3516, 22.1387, 0.0064
44545, 74002.0000, 22.1387, 0.0064
44635, 74027.6719, 24.3963, 0.0066
44661, 74061.8594, 24.3963, 0.0066
44755, 74075.7578, 19.3465, 0.0077
44784, 74097.1953, 19.3465, 0.0077
44876, 74120.9688, 17.0200, 0.0076
44915, 74154.8516, 17.0200, 0.0076
45010, 74168.1406, 15.2877, 0.0085
45052, 74233.0625, 15.2877, 0.0085
45145, 74269.1719, 11.8709, 0.0104
45182, 74308.5312, 11.8709, 0.0104
45276, 74320.7266, 9.7616, 0.0089
45316, 74358.4375, 9.7616, 0.0089
45406, 74373.5703, 8.6227, 0.0087
45466, 74415.7031, 8.6227, 0.0087
45557, 74426.2500, 9.0673, 0.0079
45609, 74446.9766, 9.0673, 0.0079
45698, 74462.1094, 10.0130, 0.0067
45753, 74515.9219, 10.0130, 0.0067
45846, 74612.4297, 11.2646, 0.0076
45892, 74652.3047, 11.2646, 0.0076
45986, 74663.8672, 12.8204, 0.0087
46024, 74710.9219, 12.8204, 0.0087
46116, 74752.3594, 12.0089, 0.0080
46164, 74788.6953, 12.0089, 0.0080
46258, 74797.4609, 12.1697, 0.0068
46299, 74821.7812, 12.1697, 0.0068
46390, 74831.6406, 12.0623, 0.0072
46435, 74863.0156, 12.0623, 0.0072
46527, 74875.4688, 9.4130, 0.0081
46574, 74920.2344, 9.4130, 0.0081
46663, 74957.0234, 7.9496, 0.0070
46741, 75039.6016, 7.9496, 0.0070
46836, 75066.4531, 8.8134, 0.0069
46895, 75142.7266, 8.8134, 0.0069
46985, 75275.7891, 9.9399, 0.0079
47041, 75428.4375, 9.9399, 0.0079
47134, 75438.0469, 11.6920, 0.0092
47169, 75464.8984, 11.6920, 0.0092
47259, 75489.3047, 11.4887, 0.0082
47299, 75544.2812, 11.4887, 0.0082
47390, 75550.5234, 10.2846, 0.0083
47435, 75587.2188, 10.2846, 0.0083
47529, 75601.2812, 11.1311, 0.0077
47588, 75660.3594, 11.1311, 0.0077
47681, 75672.7109, 11.0011, 0.0084
47719, 75726.7656, 11.0011, 0.0084
47813, 75730.1406, 10.3398, 0.0096
47840, 75746.3125, 10.3398, 0.0096
47935, 75752.5781, 11.1426, 0.0086
47975, 75788.1953, 11.1426, 0.0086
48067, 75806.3672, 11.9616, 0.0102
48105, 75833.4375, 11.9616, 0.0102
48200, 75840.1250, 13.0304, 0.0088
48223, 75856.1172, 13.0304, 0.0088
48318, 75864.2500, 10.1174, 0.0080
48356, 75893.6562, 10.1174, 0.0080
48452, 75910.3750, 11.4989, 0.0084
48485, 75936.5781, 11.4989, 0.0084
48580, 75945.6484, 9.7893, 0.0092
48621, 75972.2812, 9.7893, 0.0092
48719, 75986.2891, 10.9044, 0.0092
48757, 76019.9922, 10.9044, 0.0092
48852, 76035.1172, 12.3167, 0.0088
48894, 76062.3281, 12.3167, 0.0088
48988, 76070.9297, 12.9188, 0.0101
49012, 76092.0469, 12.9188, 0.0101
49106, 76101.3750, 15.4093, 0.0102
49138, 76129.0000, 15.4093, 0.0102
49231, 76142.3516, 15.9802, 0.0098
49263, 76183.7109, 15.9802, 0.0098
49360, 76261.4219, 15.1007, 0.0070
49392, 76293.2891, 15.1007, 0.0070
49485, 76308.2578, 14.6966, 0.0061
49516, 76330.6875, 14.6966, 0.0061
49611, 76345.6094, 13.6092, 0.0050
49661, 76386.3359, 13.6092, 0.0050
49756, 76405.5156, 13.4092, 0.0058
49806, 76426.8516, 13.4092, 0.0058
49902, 76447.4922, 11.5015, 0.0060
49943, 76484.3125, 11.5015, 0.0060
50031, 76499.9609, 9.1128, 0.0069
50082, 76542.2109, 9.1128, 0.0069
50174, 76551.0078, 10.8960, 0.0071
50218, 76577.8984, 10.8960, 0.0071
50313, 76583.0625, 10.7246, 0.0073
50347, 76600.9922, 10.7246, 0.0073
50440, 76608.5547, 12.4980, 0.0060
50480, 76637.1094, 12.4980, 0.0060
50572, 76645.5938, 11.5745, 0.0065
50620, 76679.7188, 11.5745, 0.0065
50714, 76707.7578, 13.8725, 0.0062
50752, 76759.3984, 13.8725, 0.0062
50844, 76766.3594, 13.3864, 0.0067
50883, 76779.9062, 13.3864, 0.0067
50978, 76795.5625, 11.4253, 0.0069
51020, 76835.1016, 11.4253, 0.0069
51115, 76851.5078, 11.5489, 0.0063
51157, 76897.1172, 11.5489, 0.0063
51249, 76907.1797, 10.2499, 0.0055
51286, 76934.7500, 10.2499, 0.0055
51378, 76940.7891, 12.1157, 0.0061
51413, 76958.8438, 12.1157, 0.0061
51508, 76979.6641, 11.9569, 0.0062
51551, 77048.2891, 11.9569, 0.0062
51645, 77065.5078, 10.9154, 0.0053
51700, 77106.1172, 10.9154, 0.0053
51787, 77116.8984, 11.2723, 0.0054
51846, 77162.1172, 11.2723, 0.0054
51938, 77174.1953, 12.0971, 0.0054
51989, 77214.4453, 12.0971, 0.0054
52076, 77224.7656, 13.6904, 0.0057
52118, 77245.7500, 13.6904, 0.0057
52214, 77265.1875, 13.5427, 0.0053
52248, 77304.4922, 13.5427, 0.0053
52338, 77313.7188, 15.0874, 0.0060
52380, 77338.2891, 15.0874, 0.0060
52472, 77342.6484, 12.1322, 0.0062
52499, 77356.4609, 12.1322, 0.0062
52594, 77360.9062, 14.2269, 0.0064
52625, 77385.5625, 14.2269, 0.0064
52717, 77392.5234, 16.4705, 0.0052
52757, 77413.9375, 16.4705, 0.0052
52846, 57986.4609, 18.6244, 0.0057
52928, 63518.7539, 18.6244, 0.0057
53011, 65003.4453, 18.4360, 0.0069
53124, 68290.3281, 18.4360, 0.0069
53214, 69224.8203, 18.2710, 0.0084
53281, 72521.0859, 18.2710, 0.0084
53369, 72682.3984, 18.0921, 0.0079
53453, 73160.0625, 18.0921, 0.0079
53544, 73304.9062, 18.7542, 0.0090
53599, 73646.3359, 18.7542, 0.0090
53694, 73738.8047, 18.5877, 0.0089
53733, 73912.4219, 18.5877, 0.0089
53824, 74013.9688, 18.6596, 0.0108
53868, 74149.6562, 18.6596, 0.0108
53963, 74211.6328, 17.3719, 0.0132
53994, 74353.7578, 17.3719, 0.0132
54087, 74448.1484, 14.6775, 0.0125
54137, 74571.1875, 14.6775, 0.0125
54228, 74608.6719, 11.5929, 0.0131
54272, 74691.1328, 11.5929, 0.0131
54366, 74759.7422, 9.6538, 0.0140
54422, 74894.8672, 9.6538, 0.0140
54515, 74931.8984, 10.4188, 0.0165
54544, 74961.6406, 10.4188, 0.0165
54614, -78782.0625, 11.0613, 0.0129
54842, -43208.3867, 11.0613, 0.0129
54909, -2171493.0000, 13.1286, 0.0154
54974, -1864500.6250, 13.1286, 0.0154
54978, -1849376.2500, 13.1286, 0.0154
54978, -1843434.3750, 7.8498, 0.0180
54983, -1839757.3750, 7.8498, 0.0180
54982, -1807602.8750, 6.9363, 0.0139
54990, -1839757.3750, 6.9094, 0.0174
54991, -1756840.7500, 6.9094, 0.0174
54997, -1766974.7500, 5.9875, 0.0182
54997, 28973.7832, 5.9875, 0.0182
55004, 27474.2656, 6.4938, 0.0225
55005, 32507.9102, 6.4938, 0.0225
55014, 31135.3691, 6.2751, 0.0223
55015, 33574.5820, 6.2751, 0.0223
55020, 32775.3203, 5.0202, 0.0214
55021, 34364.6719, 5.0202, 0.0214
55027, 32729.5762, 4.2739, 0.0251
55028, 37325.0195, 4.2739, 0.0251
55037, 35666.6641, 4.6993, 0.0269
55037, 38428.8516, 4.6993, 0.0269
55045, 37815.6445, 5.0483, 0.0272
55045, 40053.2266, 5.0483, 0.0272
55053, 39561.9492, 3.7663, 0.0252
55054, 39470.6641, 3.7663, 0.0252
55063, 38816.5156, 3.6177, 0.0244
55064, 40677.4414, 3.6177, 0.0244
55074, 39688.2500, 3.5948, 0.0246
55074, 42184.4258, 3.5948, 0.0246
55081, 41755.7891, 2.8484, 0.0236
55082, 42407.2695, 2.8484, 0.0236
55085, 42188.0117, 2.2742, 0.0220
55085, 42507.4531, 2.2742, 0.0220
55093, 42090.3828, 1.7404, 0.0255
55093, 43401.2930, 1.7404, 0.0255
55102, 42806.1445, 1.9216, 0.0230
55103, 43377.7539, 1.9216, 0.0230
55111, 43203.7773, 1.6624, 0.0214
55112, 43988.9375, 1.6624, 0.0214
55118, 43850.5742, 1.5108, 0.0199
55119, 44015.0391, 1.5108, 0.0199
55131, 43940.8320, 1.5156, 0.0232
55132, 44276.5742, 1.5156, 0.0232
55136, 44068.9180, 1.3017, 0.0232
55137, 44179.1875, 1.3017, 0.0232
55149, 43940.5117, 1.2226, 0.0269
55150, 44882.1875, 1.2226, 0.0269
55160, 43805.4844, 1.2287, 0.0275
55161, 45535.9219, 1.2287, 0.0275
55169, 45470.2344, 1.3281, 0.0284
55170, 46047.1367, 1.3281, 0.0284
55177, 45930.6055, 1.2279, 0.0307
55178, 45908.4062, 1.2279, 0.0307
55185, 45785.2148, 1.3316, 0.0294
55186, 46235.1875, 1.3316, 0.0294
55194, 45020.2539, 1.5828, 0.0308
55195, 45963.9102, 1.5828, 0.0308
55201, 45786.6992, 1.5124, 0.0293
55201, 46267.5742, 1.5124, 0.0293
55210, 46012.1055, 1.5588, 0.0301
55211, 46055.2109, 1.5588, 0.0301
55217, 45592.5195, 1.4018, 0.0273
55218, 45515.0547, 1.4018, 0.0273
55222, 45338.9023, 1.1214, 0.0259
55222, 46131.4375, 1.1214, 0.0259
55236, 45627.6875, 1.2464, 0.0243
55237, 46719.8828, 1.2464, 0.0243
55244, 46654.7734, 1.1044, 0.0250
55244, 47018.6797, 1.1044, 0.0250
55257, 46813.1875, 0.9609, 0.0271
55258, 46797.1719, 0.9609, 0.0271
55265, 46703.5195, 0.8613, 0.0275
55266, 46925.2383, 0.8613, 0.0275
55277, 46729.5977, 0.8532, 0.0308
55277, 46803.4688, 0.8532, 0.0308
55288, 46599.1562, 0.9600, 0.0284
55288, 47287.9805, 0.9600, 0.0284
55294, 46784.1602, 1.0283, 0.0275
55295, 47475.9727, 1.0283, 0.0275
55307, 47186.2812, 1.0406, 0.0343
55308, 47686.3789, 1.0406, 0.0343
55312, 47554.7188, 1.1826, 0.0340
55312, 47593.1445, 1.1826, 0.0340
55322, 47452.4180, 1.1606, 0.0343
55322, 47908.9570, 1.1606, 0.0343
55329, 47813.8438, 1.3096, 0.0301
55330, 48153.1992, 1.3096, 0.0301
55336, 48085.4062, 1.1933, 0.0241
55337, 48109.7500, 1.1933, 0.0241
55344, 48002.9570, 1.3501, 0.0233
55345, 48246.8398, 1.3501, 0.0233
55353, 48055.4961, 1.3400, 0.0241
55354, 48714.1016, 1.3400, 0.0241
55361, 48556.2812, 1.2519, 0.0237
55362, 48468.3438, 1.2519, 0.0237
55371, 48143.5781, 1.2678, 0.0261
55372, 49175.7383, 1.2678, 0.0261
55376, 48929.6836, 1.3756, 0.0219
55376, 49446.9688, 1.3756, 0.0219
55386, 49169.8125, 1.5083, 0.0264
55387, 49637.7852, 1.5083, 0.0264
55399, 49563.6875, 1.2974, 0.0253
55399, 50026.3320, 1.2974, 0.0253
55411, 49783.1211, 1.4643, 0.0293
55412, 50259.6562, 1.4643, 0.0293
55416, 49983.3125, 1.5140, 0.0268
55417, 50250.8945, 1.5140, 0.0268
55425, 49973.8477, 1.4835, 0.0270
55426, 50442.3477, 1.4835, 0.0270
55428, 50416.3789, 1.6973, 0.0230
55429, 50512.1953, 1.6973, 0.0230
55432, 50476.7695, 1.6038, 0.0177
55433, 50640.1523, 1.6038, 0.0177
55438, 50605.0625, 1.1323, 0.0178
55439, 50790.9844, 1.1323, 0.0178
55445, 50682.1562, 1.1556, 0.0146
55445, 50850.6719, 1.1556, 0.0146
55457, 50737.2812, 1.2763, 0.0180
55458, 50862.9570, 1.2763, 0.0180
55459, 50861.1836, 1.0547, 0.0105
55460, 50927.8164, 1.0547, 0.0105
55469, 50849.1602, 1.2078, 0.0113
55470, 51083.8438, 1.2078, 0.0113
55477, 51043.3242, 1.1969, 0.0127
55478, 51132.6016, 1.1969, 0.0127
55486, 51124.1914, 1.3124, 0.0142
55486, 51268.8086, 1.3124, 0.0142
55493, 51116.5625, 1.1187, 0.0165
55493, 51138.0547, 1.1187, 0.0165
55503, 50920.0156, 1.1685, 0.0153
55503, 51297.4570, 1.1685, 0.0153
55519, 50959.9961, 1.2165, 0.0183
55520, 51328.7500, 1.2165, 0.0183
55528, 51041.0742, 1.2937, 0.0196
55529, 51011.3281, 1.2937, 0.0196
55534, 50949.9570, 0.9480, 0.0194
55535, 51441.0586, 0.9480, 0.0194
55543, 51337.0781, 0.7098, 0.0194
55543, 51649.8516, 0.7098, 0.0194
55556, 51520.7148, 0.7194, 0.0226
55556, 51738.0352, 0.7194, 0.0226
55562, 51648.8516, 0.6705, 0.0194
55562, 51842.4219, 0.6705, 0.0194
55563, 51695.4570, 0.5422, 0.0116
